2.013608455658	-0.004165144172
2.013608455658	-0.004165144172
2.034520626068	-0.004165144172
2.034520626068	-0.004165144172
2.055433034897	-0.004165144172
2.055433034897	-0.004165144172
2.076345443726	-0.004165144172
2.076345443726	-0.004165144172
2.097257614136	-0.004165144172
2.097257614136	-0.004165144172
2.118170022964	-0.004165144172
2.118170022964	-0.004165144172
2.139082431793	-0.004165144172
2.139082431793	-0.004165144172
2.159994602203	-0.004165144172
2.159994602203	-0.004165144172
2.180907011032	-0.004165144172
2.180907011032	-0.004165144172
2.222731590271	-0.004165144172
2.222731590271	-0.004165144172
2.2436439991	-0.004165144172
2.2436439991	-0.004165144172
2.264556407928	-0.001650340855
2.264556407928	-0.001650340855
2.285468578339	-0.001650340855
2.285468578339	-0.001650340855
2.306380987167	-0.001650340855
2.306380987167	-0.001650340855
2.327293395996	-0.004165144172
2.327293395996	-0.004165144172
2.348205566406	-0.004165144172
2.348205566406	-0.004165144172
2.369117975235	0.003379268572
2.369117975235	0.003379268572
2.390030384064	0.023497710004
2.390030384064	0.023497710004
2.410942554474	0.003379268572
2.410942554474	0.003379268572
2.431854963303	0.003379268572
2.431854963303	0.003379268572
2.452767372131	0.005894076079
2.452767372131	0.005894076079
2.473679542542	0.071279011667
2.473679542542	0.071279011667
2.49459195137	0.101456664503
2.49459195137	0.101456664503
2.515504360199	0.237256154418
2.515504360199	0.237256154418
2.536416530609	0.415807306767
2.536416530609	0.415807306767
2.557328939438	0.64465457201
2.557328939438	0.64465457201
2.578241348267	0.948945999146
2.578241348267	0.948945999146
2.599153518677	1.313592791557
2.599153518677	1.313592791557
2.620065927505	1.726020693779
2.620065927505	1.726020693779
2.640978336334	2.125874757767
2.640978336334	2.125874757767
2.661890506744	2.450284719467
2.661890506744	2.450284719467
2.682802915573	2.736972093582
2.682802915573	2.736972093582
2.703715324402	2.935641765594
2.724627494812	3.046293497086
2.745539903641	3.066411733627
2.766452312469	3.008571147919
2.78736448288	2.900434494019
2.808276891708	2.759605646133
2.829189300537	2.578539609909
2.850101470947	2.387414455414
2.871013879776	2.211378335953
2.891926288605	2.017738103867
2.912838459015	1.884453415871
2.933750867844	1.700872778893
2.954663276672	1.547469496727
2.975575447083	1.439332962036
2.996487855911	1.331196427345
3.01740026474	1.243178248405
3.03831243515	1.162704348564
3.059224843979	1.094804644585
3.080137252808	1.041993737221
3.101049423218	0.991697728634
3.121961832047	0.95900529623
3.142874240875	0.921283066273
3.163786411285	0.901164710522
3.184698820114	0.868472218513
3.205611228943	0.853383362293
3.226523399353	0.840809345245
3.247435808182	0.843324184418
3.26834821701	0.838294506073
3.289260387421	0.833264946938
3.310172796249	0.828235328197
3.331085205078	0.828235328197
3.351997375488	0.828235328197
3.372909784317	0.828235328197
3.393822193146	0.833264946938
3.414734363556	0.833264946938
3.435646772385	0.838294506073
3.456559181213	0.840809345245
3.477471351624	0.845838963985
3.498383760452	0.850868523121
3.519296169281	0.853383362293
3.540208339691	0.858412921429
3.56112074852	0.865957438946
3.582033157349	0.870987057686
3.602945327759	0.873501777649
3.623857736588	0.888590633869
3.644770145416	0.891105473042
3.665682315826	0.891105473042
3.686594724655	0.883561074734
3.707507133484	0.893620193005
3.728419303894	0.898649871349
3.749331712723	0.931342303753
3.770244121552	0.933857142925
3.791156291962	0.931342303753
3.81206870079	0.938886761665
3.832981109619	0.946431159973
3.853893280029	0.951460778713
3.875336647034	0.955233037472
3.898924350739	0.962305963039
3.921858310699	0.974094033241
3.942770957947	0.981638431549
3.963683128357	0.989182889462
3.984595298767	0.994212448597
4.005507469177	1.001756906509
4.026420116425	1.009301304817
4.047332763672	1.016845583916
4.068244934082	1.024390101433
4.089157104492	1.029419779778
4.110069274902	1.036964178085
4.130981445312	1.041993737221
4.15189409256	1.049538254738
4.172806739807	1.054567813873
4.193718910217	1.059597373009
4.214631080627	1.064627051353
4.235543251038	1.069656729698
4.256455421448	1.07971572876
4.277368068695	1.084745407104
4.298280715942	1.084745407104
4.319192886353	1.08977496624
4.340105056763	1.094804644585
4.361017227173	1.094804644585
4.381929397583	1.097319483757
4.40284204483	1.099834322929
4.423754692078	1.099834322929
4.444666862488	1.104863882065
4.465579032898	1.104863882065
4.486491203308	1.104863882065
4.507403373718	1.104863882065
4.528316020966	1.104863882065
4.549228668213	1.104863882065
4.570140838623	1.102349162102
4.591053009033	1.099834322929
4.611965179443	1.099834322929
4.632877349854	1.097319483757
4.653789997101	1.094804644585
4.674702644348	1.094804644585
4.695614814758	1.08977496624
4.716526985168	1.084745407104
4.737439155579	1.084745407104
4.758351325989	1.07971572876
4.779263496399	1.074686288834
4.821088790894	1.064627051353
4.842000961304	1.064627051353
4.862913131714	1.064627051353
4.883825302124	1.057082533836
4.904737472534	1.052052974701
4.925650119781	1.044508576393
4.946562767029	1.039479017258
4.984261512756	1.033427596092
5.011382579803	1.022523760796
5.047080516815	1.013780832291
5.082492828369	1.006786584854
5.082492828369	1.006786584854
5.103404998779	1.004271745682
5.103404998779	1.004271745682
5.124317169189	1.001756906509
5.124317169189	1.001756906509
5.1452293396	0.994212448597
5.1452293396	0.994212448597
5.187054157257	0.984153211117
5.187054157257	0.984153211117
5.228878974915	0.974094033241
5.228878974915	0.974094033241
5.249791145325	0.969064354897
5.249791145325	0.969064354897
5.270703315735	0.966549575329
5.270703315735	0.966549575329
5.291615962982	0.966549575329
5.291615962982	0.966549575329
5.312528133392	0.964034736156
5.33344078064	0.948945999146
5.33344078064	0.948945999146
5.35435295105	0.948945999146
5.35435295105	0.948945999146
5.37526512146	0.94391644001
5.37526512146	0.94391644001
5.39617729187	0.938886761665
5.39617729187	0.938886761665
5.417089939117	0.933857142925
5.417089939117	0.933857142925
5.438002109528	0.92882758379
5.438002109528	0.92882758379
5.458914756775	0.926312625408
5.458914756775	0.926312625408
5.479826927185	0.923797905445
5.479826927185	0.923797905445
5.500739097595	0.91876834631
5.500739097595	0.91876834631
5.521651268005	0.91373872757
5.521651268005	0.91373872757
5.542563915253	0.91373872757
5.542563915253	0.91373872757
5.563476085663	0.911223828793
5.563476085663	0.911223828793
5.58438873291	0.91373872757
5.58438873291	0.91373872757
5.60530090332	0.91373872757
5.60530090332	0.91373872757
5.62621307373	0.908709049225
5.62621307373	0.908709049225
5.647125244141	0.908709049225
5.647125244141	0.908709049225
5.668037891388	0.896135032177
5.668037891388	0.896135032177
5.688950061798	0.908709049225
5.709862709045	0.911223828793
5.730774879456	0.906194210052
5.751687049866	0.906194210052
5.772599220276	0.908709049225
5.793511867523	0.91373872757
5.814424037933	0.91876834631
5.835336685181	0.921283066273
5.856248855591	0.926312625408
5.877161026001	0.92882758379
5.898073196411	0.931342303753
5.918985843658	0.936371922493
5.939898014069	0.938886761665
5.960810661316	0.946431159973
5.981722831726	0.948945999146

