1.011278152466	-0.000383138657
1.031682372093	-0.001363992691
1.05208671093	-0.001363992691
1.072490930557	-0.001363992691
1.092895150185	-0.001363992691
1.113299369812	-0.001363992691
1.133703708649	-0.001363992691
1.154107928276	-0.001363992691
1.174512147903	-0.001363992691
1.215320706367	0.000597715378
1.235724925995	-0.001363992691
1.256129264832	-0.001363992691
1.276533484459	0.003540158272
1.296937704086	0.004520773888
1.317342042923	-0.001363992691
1.33774626255	-0.001363992691
1.358150482178	-0.001363992691
1.378554821014	-0.000383138657
1.419363260269	-0.000383138657
1.439767599106	0.005501627922
1.460171818733	0.012367248535
1.480576038361	0.026098489761
1.500980377197	0.057484030724
1.521384596825	0.104562520981
1.541788816452	0.166352987289
1.562193155289	0.272279500961
1.582597374916	0.403706789017
1.603001594543	0.606732547283
1.62340593338	0.776411056519
1.643810153008	0.955897629261
1.664214372635	1.141268968582
1.684618711472	1.312909126282
1.705022931099	1.450221300125
1.725427150726	1.532608509064
1.745831489563	1.580667734146
1.76623570919	1.592437386513
1.786639928818	1.571840524673
1.807044267654	1.510050058365
1.827448487282	1.435509204865
1.847852706909	1.353121995926
1.868257045746	1.263869047165
1.888661265373	1.167750597
1.909065485001	1.065747261047
1.929469823837	0.974532842636
1.949874043465	0.866644740105
1.970278263092	0.796027123928
1.97537946701	0.778372704983
1.990682601929	0.730313420296
1.995783686638	0.71265900135
2.011086940765	0.673427045345
2.016187906265	0.662638187408
2.031491041183	0.594962835312
2.036592245102	0.576327681541
2.04679441452	0.560634851456
2.05189538002	0.554750084877
2.05699634552	0.52238368988
2.067198753357	0.497863650322
2.072299480438	0.490017294884
2.077400684357	0.484132528305
2.087602853775	0.44980442524
2.092703819275	0.439996361732
2.097805023193	0.435092449188
2.108006954193	0.413514852524
2.113108158112	0.402725934982
2.11820936203	0.392917871475
2.12841129303	0.37526345253
2.133512496948	0.367417097092
2.138613462448	0.361532330513
2.148815631866	0.345839500427
2.153916597366	0.338973999023
2.159017801285	0.332108259201
2.169219970703	0.318377137184
2.174320936203	0.313473105431
2.179421901703	0.306607484818
2.18962430954	0.295818686485
2.194725036621	0.289933919907
2.19982624054	0.285029888153
2.210028409958	0.274241089821
2.215129375458	0.269337058067
2.220230579376	0.265413880348
2.230432510376	0.256586790085
2.235533714294	0.253644227982
2.240634918213	0.248740315437
2.250836849213	0.24089384079
2.255938053131	0.237951397896
2.261039018631	0.235009074211
2.266139984131	0.233047485352
2.271241188049	0.228143453598
2.276342391968	0.225201010704
2.281443119049	0.22225856781
2.286544322968	0.225201010704
2.291645526886	0.217354655266
2.296746492386	0.216373801231
2.301847457886	0.213431477547
2.306948661804	0.211469888687
2.312049627304	0.209508180618
2.317150592804	0.207546591759
2.322251796722	0.205585122108
2.327352762222	0.203623533249
2.332453966141	0.202642679214
2.337554931641	0.200680971146
2.342656135559	0.19970023632
2.347757101059	0.196757793427
2.352858304977	0.197738647461
2.357959270477	0.196757793427
2.363060474396	0.195777058601
2.368161439896	0.196757793427
2.373262405396	0.194796204567
2.378363609314	0.193815469742
2.383464574814	0.192834615707
2.388565540314	0.192834615707
2.393666744232	0.191853761673
2.398767948151	0.191853761673
2.403868675232	0.191853761673
2.40896987915	0.191853761673
2.414071083069	0.192834615707
2.419172048569	0.192834615707
2.424273014069	0.193815469742
2.429374217987	0.193815469742
2.434475183487	0.194796204567
2.439576148987	0.195777058601
2.444677352905	0.196757793427
2.449778318405	0.197738647461
2.454879522324	0.198719382286
2.459980487823	0.19970023632
2.465081691742	0.20166182518
2.470182657242	0.202642679214
2.47528386116	0.203623533249
2.48038482666	0.205585122108
2.485486030579	0.208527326584
2.490586996078	0.218335390091
2.495687961578	0.212450623512
2.500789165497	0.214412212372
2.505890130997	0.22422015667
2.510991096497	0.22029709816
2.516092300415	0.22422015667
2.521193504333	0.225201010704
2.526294231415	0.228143453598
2.531395435333	0.236970663071
2.536496639252	0.233047485352
2.541597604752	0.235989809036
2.546698570251	0.245797872543
2.55179977417	0.245797872543
2.55690073967	0.248740315437
2.56200170517	0.250701904297
2.567102909088	0.254625082016
2.572203874588	0.262471437454
2.577305078506	0.270317912102
2.582406044006	0.274241089821
2.587507247925	0.27816426754
2.592608213425	0.283068299294
2.597709417343	0.287972331047
2.602810382843	0.291895508766
2.607911586761	0.295818686485
2.613012552261	0.297780275345
2.618113517761	0.301703572273
2.62321472168	0.307588338852
2.62831568718	0.318377137184
2.633416652679	0.317396402359
2.638517856598	0.324261903763
2.643619060516	0.331127524376
2.648719787598	0.337012410164
2.653820991516	0.347801089287
2.658922195435	0.353685975075
2.664023160934	0.359570741653
2.669124126434	0.366436362267
2.674225330353	0.372321248055
2.679326295853	0.379186749458
2.684427261353	0.385071516037
2.689528465271	0.391937255859
2.694629430771	0.400764346123
2.699730634689	0.407630085945
2.704831600189	0.415476441383
2.709932804108	0.426265120506
2.715033769608	0.433130860329
2.720134973526	0.441957950592
2.725235939026	0.44784283638
2.730337142944	0.457650780678
2.735438108444	0.467458844185
2.740539073944	0.475305199623
2.750741243362	0.493940472603
2.755842208862	0.50374853611
2.760943412781	0.512575626373
2.771145343781	0.531210899353
2.781347751617	0.552788496017
2.791549682617	0.570442914963
2.796650886536	0.582212567329
2.801751852036	0.591039776802
2.811954021454	0.614578902721
2.817054986954	0.63615655899
2.832358360291	0.65773421526
2.83745932579	0.682254254818
2.852762699127	0.708735883236
2.857863664627	0.723447799683
2.873166799545	0.75287181139
2.878267765045	0.781315028667
2.893570899963	0.822508752346
2.898672103882	0.860759913921
2.9139752388	0.877433538437
2.919076442719	0.88233757019
2.934379577637	0.925492763519
2.939480543137	0.940204799175
2.954783916473	1.006899356842
2.959884881973	1.009841680527
2.97518825531	1.049073696136
2.98028922081	1.052016019821
2.995592355728	1.103017687798
3.000693321228	1.117729783058
3.015996456146	1.176577806473
3.021097660065	1.175596952438
3.036400794983	1.237387418747
3.041501998901	1.253080248833
3.05680513382	1.293293118477
3.061906099319	1.293293118477
3.077209472656	1.357045173645
3.082310438156	1.363910794258
3.097613573074	1.406085252762
3.118017911911	1.449240446091
3.138422012329	1.486510872841
3.158826351166	1.517896533012
3.179230690002	1.542416572571
3.199635028839	1.576744556427
3.220039129257	1.569878935814
3.240443468094	1.574782967567
3.260847568512	1.570859789848
3.281251907349	1.563013315201
3.301656246185	1.550262928009
3.322060585022	1.528685331345
3.34246468544	1.516915678978
3.362869024277	1.495338082314
3.383273124695	1.476702928543
3.403677463531	1.455125212669
3.424081802368	1.427662849426
3.444486141205	1.402162075043
3.464890241623	1.388430833817
3.48529458046	1.351160407066
3.505698680878	1.326640367508
3.526103019714	1.301139473915
3.546507358551	1.275638699532
3.566911697388	1.252099514008
3.587315797806	1.232483386993
3.607720136642	1.220713853836
3.628124237061	1.190309047699
3.648528575897	1.173635363579
3.668932914734	1.141268968582
3.689337253571	1.120672106743
3.709741353989	1.103017687798
3.730145692825	1.086344122887
3.750549793243	1.071632146835
3.77095413208	1.057900905609
3.791358470917	1.046131372452
3.811762809753	1.034361720085
3.832166910172	1.024553775787
3.852571249008	1.01670730114
3.872975349426	1.009841680527
3.893379688263	1.003956794739
3.9137840271	0.999052882195
3.934188365936	0.995129644871
3.954592466354	0.991206467152
3.974996805191	0.988264024258
4.015805244446	0.983360052109
4.036209583282	0.982379257679
4.056613922119	0.981398463249
4.077017784119	0.982379257679
4.097422599792	0.977475225925
4.117826461792	0.983360052109
4.138230800629	0.982379257679
4.158635139465	0.981398463249
4.179039478302	0.981398463249
4.199443817139	0.980417668819
4.219847679138	0.972571253777
4.240252017975	0.972571253777
4.260656356812	0.974532842636
4.281060695648	0.972571253777
4.301465034485	0.968648016453
4.321868896484	0.968648016453
4.342273712158	0.964724838734
4.362677574158	0.963744044304
4.383081912994	0.96178239584
4.403486251831	0.96080160141
4.423890590668	0.95982080698
4.444294929504	0.96080160141
4.464698791504	0.96178239584
4.485103130341	0.962763249874
4.505507469177	0.96178239584
4.525911808014	0.95884001255
4.546316146851	0.95884001255
4.56672000885	0.96080160141
4.587124824524	0.95884001255
4.607528686523	0.957859218121
4.62793302536	0.95982080698
4.648337364197	0.95982080698
4.68914604187	0.95982080698
4.70954990387	0.96080160141
4.729954242706	0.96178239584
4.750358581543	0.96080160141
4.77076292038	0.962763249874
4.791167259216	0.964724838734
4.811571121216	0.964724838734
4.83197593689	0.965705633163
4.852379798889	0.970609605312
4.872784137726	0.969628810883
4.893188476562	0.970609605312
4.913592815399	0.965705633163
4.933997154236	0.973552048206
4.954401016235	0.983360052109
4.974805355072	0.985321640968
4.995209693909	0.987283229828
5.015614032745	0.982379257679
5.036018371582	0.982379257679
5.056422233582	0.995129644871
5.076827049255	0.99709123373
5.097230911255	1.00003361702
5.117635250092	1.001995325089
5.138039588928	1.003956794739
5.158443927765	1.005918502808
5.178847789764	1.008860826492
5.199252605438	1.010822534561
5.219656467438	1.011803269386
5.240060806274	1.013764858246
5.260465145111	1.015726566315
5.280869483948	1.01670730114
5.301273345947	1.017688035965
5.321678161621	1.018668889999
5.342082023621	1.019649744034
5.362486362457	1.019649744034
5.382890701294	1.021611213684
5.403295040131	1.021611213684
5.42369890213	1.021611213684
5.444103717804	1.017688035965
5.48491191864	1.013764858246
5.505316257477	1.015726566315
5.525720596313	1.01670730114
5.546124458313	1.018668889999
5.566529273987	1.021611213684
5.592811584473	1.019128680229
5.62774181366	1.015726566315
5.648146152496	1.015726566315
5.668550014496	1.01474571228
5.68895483017	1.013764858246
5.709358692169	1.013764858246
5.729763031006	1.013764858246
5.750167369843	1.007880091667
5.770571708679	1.011803269386
5.790975570679	1.003956794739
5.811380386353	1.001995325089
5.831784248352	0.999052882195
5.852188587189	0.99709123373
5.872592926025	0.995129644871
5.892997264862	0.993168056011
5.913401126862	0.991206467152
5.933805942535	0.990225672722
5.954209804535	0.985321640968
5.974614143372	0.985321640968

