-0.016800917685	89.989326477051
-0.016800917685	89.875549316406
-0.016800917685	89.875549316406
-0.016800917685	89.875549316406
-0.016800917685	89.875549316406
0.005237017758	-0.181065812707
0.058927059174	-0.01562785916
0.130627244711	0.06709459424
0.242137104273	0.149813577533
0.325588554144	0.456798046827
0.41099858284	0.646134376526
0.472267329693	0.840987861156
0.525872170925	1.085471391678
0.573047757149	1.095582127571
0.623629570007	1.359366893768
0.673274517059	1.359366893768
0.742147088051	1.701231956482
0.8264747262	1.928778648376
0.868638455868	2.156325340271
0.91080224514	2.156325340271
0.952966094017	2.156325340271
1.037293553352	2.383871793747
1.079457402229	2.383871793747
1.121621251106	2.611418485641
1.163784980774	2.611418485641
1.205948710442	2.611418485641
1.248112559319	2.838964939117
1.290276288986	2.838964939117
1.332440137863	2.838964939117
1.374603748322	3.066511869431
1.416767716408	3.066511869431
1.458931446075	3.294058322906
1.54325902462	3.294058322906
1.585422754288	3.521605014801
1.627586483955	3.521605014801
1.669750332832	3.521605014801
1.7119140625	3.749151468277
1.754077792168	3.749151468277
1.796241760254	3.749151468277
1.838405370712	3.97669839859
1.880569338799	3.97669839859
1.922733068466	3.97669839859
1.964896798134	4.090471744537
2.049224376678	4.204245090485
2.091388225555	4.318018436432
2.133552074432	4.204245090485
2.175715684891	4.545564651489
2.217879533768	4.431791305542
2.260043382645	4.431791305542
2.302206993103	4.659338474274
2.34437084198	4.659338474274
2.386534690857	4.659338474274
2.428698301315	4.886884689331
2.470862150192	4.886884689331
2.513025999069	4.886884689331
2.555189609528	5.114431381226
2.597353458405	5.114431381226
2.639517307281	5.114431381226
2.681681156158	5.341978549957
2.723845005035	5.341978549957
2.766008615494	5.341978549957
2.808172464371	5.569524765015
2.850336074829	5.569524765015
2.892499923706	5.569524765015
2.934663772583	5.797071933746
2.97682762146	5.797071933746
3.018991470337	5.910844802856
3.061155080795	6.024618148804
3.103318691254	6.024618148804
3.145482540131	6.138391494751
3.187646627426	6.252164363861
3.229810237885	6.252164363861
3.271974086761	6.252164363861
3.31413769722	6.479711532593
3.356301546097	6.479711532593
3.398465156555	6.479711532593
3.440629243851	6.70725774765
3.482792854309	6.70725774765
3.524956703186	6.70725774765
3.567120552063	6.934804439545
3.609284162521	6.934804439545
3.651448249817	7.048577785492
3.693611860275	7.162351131439
3.735775709152	7.162351131439
3.777939319611	7.162351131439
3.820103168488	7.276124954224
3.862266778946	7.276124954224
3.904430866241	7.389897346497
3.946594715118	7.389897346497
4.030921936035	7.617444992065
4.073085784912	7.617444992065
4.115249633789	7.617444992065
4.157413482666	7.844991207123
4.199577331543	7.844991207123
4.24174118042	7.844991207123
4.28390455246	8.07253742218
4.326068401337	8.07253742218
4.368232250214	8.07253742218
4.410396099091	8.300084114075
4.452559947968	8.300084114075
4.494723796844	8.300084114075
4.536887168884	8.527630805969
4.579051017761	8.527630805969
4.621215343475	8.527630805969
4.663378715515	8.755178451538
4.705542564392	8.755178451538
4.747706413269	8.755178451538
4.789870262146	8.982724189758
4.832033634186	8.982724189758
4.8741979599	8.982724189758
4.916361808777	9.210270881653
4.958525180817	9.210270881653
5.000689029694	9.210270881653
5.042852878571	9.437817573547
5.08501625061	9.437817573547
5.127180099487	9.437817573547
5.169343948364	9.665364265442
5.211507797241	9.665364265442
5.253672122955	9.779137611389
5.295835494995	9.892910957336
5.337999343872	9.892910957336
5.380163192749	9.892910957336
5.422327041626	10.006683349609
5.464490890503	10.006683349609
5.506654262543	10.120457649231
5.54881811142	10.120457649231
5.590981960297	10.120457649231
5.633145332336	10.348004341125
5.675309181213	10.348004341125
5.717473506927	10.348004341125
5.759637355804	10.57555103302
5.801801204681	10.57555103302
5.843964576721	10.57555103302
5.886128425598	10.80309677124
5.928292274475	10.80309677124
5.970456123352	10.80309677124
6.012619972229	11.030644416809
6.054783344269	11.030644416809
6.096947193146	11.030644416809
6.139111042023	11.258190155029
6.181274414062	11.258190155029
6.223439216614	11.258190155029
6.265602588654	11.485737800598
6.307766437531	11.485737800598
6.349930286407	11.485737800598
6.392093658447	11.713284492493
6.434257507324	11.713284492493
6.476421356201	11.713284492493
6.518585205078	11.940830230713
6.560749053955	11.940830230713
6.602912425995	11.940830230713
6.645076274872	12.168377876282
6.687240123749	12.168377876282
6.729404449463	12.168377876282
6.77156829834	12.395924568176
6.81373167038	12.395924568176
6.855895519257	12.395924568176
6.898059368134	12.623470306396
6.940222740173	12.623470306396
6.98238658905	12.623470306396
7.024550437927	12.737243652344
7.066714286804	12.737243652344
7.108878135681	12.851016998291
7.151041507721	12.964791297913
7.193205833435	12.964791297913
7.235369682312	13.078563690186
7.277533531189	13.192337989807
7.319697380066	13.192337989807
7.361860752106	13.30611038208
7.404024600983	13.419884681702
7.44618844986	13.419884681702
7.488351821899	13.533657073975
7.530515670776	13.533657073975
7.572679519653	13.533657073975
7.61484336853	13.761203765869
7.657007217407	13.761203765869
7.699171066284	13.761203765869
7.741334915161	13.988751411438
7.783498764038	13.988751411438
7.825662612915	13.988751411438
7.867826461792	14.216296195984
7.909989833832	14.216296195984
7.952153682709	14.216296195984
7.994317531586	14.443844795227
8.036480903625	14.443844795227
8.078644752502	14.443844795227
8.120808601379	14.671389579773
8.162973403931	14.671389579773
8.205136299133	14.671389579773
8.24730014801	14.898937225342
8.289463996887	14.898937225342
8.331627845764	14.898937225342
8.373791694641	15.126483917236
8.415955543518	15.126483917236
8.458119392395	15.126483917236
8.500282287598	15.354029655457
8.542446136475	15.354029655457
8.584609985352	15.354029655457
8.626773834229	15.581577301025
8.66893863678	15.581577301025
8.711101531982	15.695349693298
8.753265380859	15.80912399292
8.795429229736	15.80912399292
8.837593078613	15.80912399292
8.87975692749	16.036668777466
8.921920776367	16.036668777466
8.964084625244	16.150442123413
9.006248474121	16.264217376709
9.048412322998	16.264217376709
9.090575218201	16.264217376709
9.132740020752	16.491764068604
9.174903869629	16.491764068604
9.217067718506	16.491764068604
9.259231567383	16.719310760498
9.301394462585	16.719310760498
9.343558311462	16.833084106445
9.385722160339	16.833084106445
9.427886009216	16.833084106445
9.470049858093	16.946855545044
9.51221370697	16.946855545044
9.554377555847	16.946855545044
9.59654045105	17.174404144287
9.638705253601	17.174404144287
9.680869102478	17.174404144287
9.723032951355	17.401950836182
9.765196800232	17.401950836182
9.807359695435	17.401950836182
9.849523544312	17.629495620728
9.891687393188	17.629495620728
9.933851242065	17.629495620728
9.976015090942	17.970815658569
10.018178939819	89.989326477051
10.018178939819	89.875549316406
10.018178939819	89.875549316406
10.018178939819	89.875549316406
10.018178939819	89.875549316406

