1.009907960892	-0.000405989267
1.030308127403	-0.000405989267
1.050708293915	-0.000405989267
1.071108460426	-0.000405989267
1.091508746147	-0.000405989267
1.111908912659	-0.000405989267
1.13230907917	-0.000405989267
1.152709245682	-0.000405989267
1.173109412193	-0.000405989267
1.213909864426	-0.000405989267
1.234309911728	-0.000405989267
1.254710197449	-0.000405989267
1.27511036396	-0.000405989267
1.295510530472	-0.000405989267
1.315910696983	-0.000405989267
1.336310863495	-0.000405989267
1.356711149216	0.000451578962
1.377111315727	0.000451578962
1.41791164875	-0.000405989267
1.438311815262	0.000451578962
1.458711981773	0.003881852143
1.479112148285	0.004739421885
1.499512434006	0.000451578962
1.519912600517	0.009027260356
1.540312767029	0.004739421885
1.56071293354	0.003024284728
1.581113100052	0.004739421885
1.601513385773	0.011599968188
1.621913433075	0.018460514024
1.642313718796	0.024463491514
1.662713885307	0.033896740526
1.683114051819	0.044187560678
1.70351421833	0.057908650488
1.723914384842	0.077632725239
1.744314551353	0.099071919918
1.764714717865	0.122226282954
1.785115003586	0.147095754743
1.805515050888	0.175395488739
1.825915336609	0.219131499529
1.84631550312	0.261152327061
1.866715669632	0.301458030939
1.887115955353	0.340906172991
1.907516002655	0.385499715805
1.927916288376	0.436096251011
1.948316454887	0.482404977083
1.968716621399	0.547580182552
1.98911678791	0.610182642937
2.009516954422	0.666782140732
2.029917240143	0.724239170551
2.050317287445	0.783411443233
2.070717573166	0.846013844013
2.091117858887	0.908616483212
2.111517906189	0.953210055828
2.131917953491	1.014097332954
2.152318239212	1.064693808556
2.172718524933	1.099854230881
2.193118572235	1.155596137047
2.213518857956	1.178750395775
2.233919143677	1.233634829521
2.254319190979	1.265364766121
2.274719238281	1.29537987709
2.295119524002	1.31767642498
2.315519809723	1.335685491562
2.335919857025	1.348549008369
2.356320142746	1.355409502983
2.376720428467	1.357124567032
2.397120475769	1.354551911354
2.417520523071	1.346833825111
2.437920808792	1.333112597466
2.458321094513	1.315961360931
2.478721141815	1.292806982994
2.499121189117	1.267079949379
2.519521713257	1.238780260086
2.539921760559	1.205335140228
2.560321807861	1.17274749279
2.580722332001	1.14101755619
2.601122379303	1.099854230881
2.621522426605	1.075842380524
2.641922712326	1.021815299988
2.662322998047	0.984082341194
2.682723045349	0.948922157288
2.70312333107	0.915476977825
2.723523378372	0.883746922016
2.733723640442	0.861450135708
2.743923664093	0.849444150925
2.754123687744	0.840868532658
2.764323711395	0.82800501585
2.774523735046	0.814283907413
2.784723997116	0.803135633469
2.794924259186	0.793702244759
2.805124282837	0.783411443233
2.815324306488	0.774835824966
2.825524330139	0.770547986031
2.83572435379	0.758542060852
2.84592461586	0.7508238554
2.856124639511	0.745678424835
2.866324663162	0.739675462246
2.876524925232	0.735387563705
2.886724948883	0.73109972477
2.896924972534	0.727669537067
2.907124996185	0.723381638527
2.917325258255	0.720808982849
2.927525281906	0.719093799591
2.937725543976	0.717378735542
2.947925329208	0.717378735542
2.958125591278	0.716521084309
2.968325614929	0.716521084309
2.97852563858	0.717378735542
2.988725662231	0.718236327171
2.998925924301	0.719093799591
3.009125947952	0.720808982849
3.019326210022	0.722524046898
3.029526233673	0.72509676218
3.039726257324	0.728527009487
3.049926280975	0.73109972477
3.060126543045	0.734530091286
3.070326566696	0.737960278988
3.080526590347	0.741390526295
3.090726852417	0.745678424835
3.100926876068	0.749966263771
3.111126899719	0.754254043102
3.121327161789	0.759399533272
3.131526947021	0.762829840183
3.141727209091	0.768832743168
3.151927471161	0.774835824966
3.162127256393	0.779123604298
3.172327518463	0.785126507282
3.182527542114	0.791129648685
3.192727565765	0.79713255167
3.202927827835	0.801420390606
3.213127851486	0.808280944824
3.223327875137	0.815141558647
3.233528137207	0.820286870003
3.243728160858	0.827147424221
3.253928184509	0.834007978439
3.26412820816	0.840011060238
3.27432847023	0.847729146481
3.284528493881	0.853732049465
3.294728517532	0.860592603683
3.304928779602	0.868310749531
3.315128803253	0.874313652515
3.325328826904	0.880316674709
3.335529088974	0.889749884605
3.345729112625	0.896610438824
3.355929136276	0.902613461018
3.366129398346	0.910331487656
3.376329421997	0.917192101479
3.386529445648	0.924052655697
3.396729469299	0.932628214359
3.40692949295	0.938631296158
3.41712975502	0.950637221336
3.427329778671	0.954925060272
3.437529802322	0.961785793304
3.447730064392	0.976364314556
3.457930088043	0.979794502258
3.468130111694	0.984082341194
3.478330373764	0.990085482597
3.488530158997	0.998661220074
3.498730421066	1.005521535873
3.508930683136	1.011524677277
3.519130706787	1.01924264431
3.529330730438	1.024388194084
3.539530754089	1.02953350544
3.54973077774	1.035536527634
3.570131063461	1.052687883377
3.590531349182	1.067266702652
3.610931396484	1.08013010025
3.631331682205	1.091278553009
3.651731967926	1.104142069817
3.672132253647	1.114432811737
3.692532300949	1.130726575851
3.71293258667	1.133299231529
3.733332872391	1.142732620239
3.753732681274	1.146162867546
3.774133205414	1.156453728676
3.794533252716	1.160741448402
3.814933300018	1.161599040031
3.835333585739	1.170174717903
3.85573387146	1.171889901161
3.876133918762	1.17274749279
3.896534204483	1.17274749279
3.916934490204	1.171032309532
3.937334537506	1.168459773064
3.957734823227	1.165029287338
3.978135108948	1.159883975983
3.99853515625	1.153880953789
4.018935203552	1.147877931595
4.039335727692	1.14101755619
4.059735298157	1.132441759109
4.080135822296	1.123866081238
4.100536346436	1.115290403366
4.120936393738	1.107572317123
4.14133644104	1.098138928413
4.161736488342	1.091278553009
4.182136535645	1.084417819977
4.202537059784	1.077557325363
4.222937107086	1.06983923912
4.243337154388	1.064693808556
4.263737678528	1.062121033669
4.28413772583	1.054403066635
4.304537773132	1.050115227699
4.324937820435	1.050115227699
4.345337867737	1.045827269554
4.365738391876	1.042397022247
4.386138916016	1.03896689415
4.406538963318	1.037251710892
4.42693901062	1.035536527634
4.447339057922	1.030391097069
4.467739105225	1.030391097069
4.488139629364	1.032106161118
4.508539676666	1.031248688698
4.528939723969	1.030391097069
4.549340248108	1.02867603302
4.56974029541	1.02867603302
4.590140342712	1.026960849762
4.610540390015	1.026103258133
4.630940914154	1.025245785713
4.651340961456	1.023530483246
4.671741485596	1.023530483246
4.692141532898	1.021815299988
4.7125415802	1.020100235939
4.732941627502	1.01838517189
4.753342151642	1.016669988632
4.773741722107	1.015812397003
4.78883266449	1.013257265091
4.808159828186	1.011740207672
4.8247423172	1.006379246712
4.845142841339	1.002091407776
4.865542888641	1.000376224518
4.885942935944	0.998661220074
4.906343460083	0.997803449631
4.926743507385	1.001233816147
4.947143554688	0.995230793953
4.96754360199	0.993515610695
4.987944126129	0.992658078671
5.008344173431	0.990942955017
5.028744220734	0.989227831364
5.049144744873	0.987512767315
5.069544792175	0.986655175686
5.089944839478	0.979794502258
5.110345363617	0.972934067249
5.130745410919	0.974649190903
5.151145458221	0.972934067249
5.171545982361	0.968646168709
5.191946029663	0.96778857708
5.212346076965	0.966930985451
5.232746124268	0.966930985451
5.25314617157	0.965215921402
5.273546695709	0.965215921402
5.293946743011	0.965215921402
5.314346790314	0.963500738144
5.334747314453	0.964358329773
5.355147361755	0.963500738144
5.375547409058	0.963500738144
5.395947933197	0.965215921402
5.416347980499	0.965215921402
5.436748027802	0.966073572636
5.457148551941	0.966073572636
5.477548599243	0.966930985451
5.497948646545	0.965215921402
5.518348693848	0.966930985451
5.538749217987	0.96778857708
5.559149265289	0.970361292362
5.579549312592	0.970361292362
5.599949836731	0.971218824387
5.620349884033	0.972934067249
5.640749931335	0.974649190903
5.661149978638	0.976364314556
5.68155002594	0.977221846581
5.701950550079	0.978936970234
5.722350597382	0.981509685516
5.740820884705	0.983023881912
5.763151168823	0.985797643661
5.78977060318	0.988401472569
5.804530620575	0.991488039494
5.824351787567	0.992467701435
5.844751834869	0.990085482597
5.865151882172	0.990942955017
5.885552406311	0.996088266373
5.905952453613	0.996088266373
5.926352500916	0.996945858002

