0.002661637729	40.63468170166  40.632621765137
0.006739534903	39.810108184814  40.632621765137
0.010817432776	37.996044158936  40.632621765137
0.014895330183	35.577297210693  40.632621765137
0.01897322759	32.828720092773  40.632621765137
0.023051124066	29.915229797363  40.632621765137
0.027129022405	26.726879119873  40.632621765137
0.03120691888	23.648471832275  40.632621765137
0.035284817219	20.405151367188  40.632621765137
0.035284817219	20.350179672241  40.632621765137
0.039362713695	17.161828994751  40.632621765137
0.039362713695	17.161828994751  40.632621765137
0.043440613896	14.468227386475  40.632621765137
0.043440613896	14.468227386475  40.632621765137
0.047518510371	11.939533233643  40.632621765137
0.047518510371	11.939533233643  40.632621765137
0.051596406847	9.685701370239  40.632621765137
0.051596406847	9.685701370239  40.632621765137
0.055674303323	7.651754379272  40.632621765137
0.055674303323	7.761695861816  40.632621765137
0.059752203524	6.002607345581  40.632621765137
0.059752203524	6.002607345581  40.632621765137
0.0638301	4.573348045349  40.632621765137
0.0638301	4.573348045349  40.632621765137
0.067907996476	3.4189453125  40.632621765137
0.067907996476	3.4189453125  40.632621765137
0.071985892951	2.539401054382  40.632621765137
0.071985892951	2.539401054382  40.632621765137
0.076063789427	2.04465675354  40.632621765137
0.076063789427	2.04465675354  40.632621765137
0.080141685903	1.604884147644  40.632621765137
0.080141685903	1.604884147644  40.632621765137
0.084219589829	1.494940757751  40.632621765137
0.084219589829	1.494940757751  40.632621765137
0.088297486305	1.494940757751  40.632621765137
0.088297486305	1.494940757751  40.632621765137
0.092375382781	1.65985584259  40.632621765137
0.092375382781	1.65985584259  40.632621765137
0.096453279257	1.879742622375  40.632621765137
0.096453279257	1.879742622375  40.632621765137
0.100531175733	2.099627494812  40.632621765137
0.100531175733	2.099627494812  40.632621765137
0.104609072208	2.429456710815  40.632621765137
0.104609072208	2.429456710815  40.632621765137
0.108686968684	2.704315185547  40.632621765137
0.108686968684	2.704315185547  40.632621765137
0.11276486516	2.979173660278  40.632621765137
0.11276486516	2.979173660278  40.632621765137
0.116842769086	3.199057579041  40.632621765137
0.116842769086	3.199057579041  40.632621765137
0.120920665562	3.309001922607  40.632621765137
0.120920665562	3.363973617554  40.632621765137
0.124998562038	3.309001922607  40.632621765137
0.124998562038	3.363973617554  40.632621765137
0.129076465964	3.309001922607  40.632621765137
0.129076465964	3.309001922607  40.632621765137
0.13315436244	3.144087791443  40.632621765137
0.13315436244	3.144087791443  40.632621765137
0.137232258916	2.924201011658  40.632621765137
0.137232258916	2.924201011658  40.632621765137
0.141310155392	2.704315185547  40.632621765137
0.141310155392	2.704315185547  40.632621765137
0.145388051867	2.264542579651  40.632621765137
0.145388051867	2.264542579651  40.632621765137
0.149465948343	1.934713363647  40.632621765137
0.149465948343	1.934713363647  40.632621765137
0.153543844819	1.439970016479  40.632621765137
0.153543844819	1.494940757751  40.632621765137
0.157621741295	1.000196456909  40.632621765137
0.157621741295	1.000196456909  40.632621765137
0.161699637771	0.560424804688  40.632621765137
0.161699637771	0.560424804688  40.632621765137
0.165777534246	0.120652198792  40.632621765137
0.165777534246	0.120652198792  40.632621765137
0.169855430722	-0.264148712158  40.632621765137
0.169855430722	-0.264148712158  40.632621765137
0.173933327198	-0.703921318054  40.632621765137
0.173933327198	-0.703921318054  40.632621765137
0.178011223674	-1.033749580383  40.632621765137
0.178011223674	-1.033749580383  40.632621765137
0.18208912015	-1.363579750061  40.632621765137
0.18208912015	-1.363579750061  40.632621765137
0.186167016625	-1.583465576172  40.632621765137
0.186167016625	-1.638436317444  40.632621765137
0.190244913101	-1.858323097229  40.632621765137
0.190244913101	-1.858323097229  40.632621765137
0.194322824478	-2.078209877014  40.632621765137
0.194322824478	-2.078209877014  40.632621765137
0.198400720954	-2.18815279007  40.632621765137
0.198400720954	-2.18815279007  40.632621765137
0.20247861743	-2.243124008179  40.632621765137
0.20247861743	-2.243124008179  40.632621765137
0.206556513906	-2.353066921234  40.632621765137
0.206556513906	-2.353066921234  40.632621765137
0.210634410381	-2.353066921234  40.632621765137
0.210634410381	-2.353066921234  40.632621765137
0.214712306857	-2.353066921234  40.632621765137
0.214712306857	-2.353066921234  40.632621765137
0.218790203333	-2.353066921234  40.632621765137
0.218790203333	-2.353066921234  40.632621765137
0.222868099809	-2.353066921234  40.632621765137
0.222868099809	-2.353066921234  40.632621765137
0.226945996284	-2.353066921234  40.632621765137
0.226945996284	-2.353066921234  40.632621765137
0.23102389276	-2.353066921234  40.632621765137
0.23102389276	-2.353066921234  40.632621765137
0.235101789236	-2.353066921234  40.632621765137
0.235101789236	-2.353066921234  40.632621765137
0.239179685712	-2.353066921234  40.632621765137
0.239179685712	-2.353066921234  40.632621765137
0.243257582188	-2.353066921234  40.632621765137
0.243257582188	-2.353066921234  40.632621765137
0.247335478663	-2.353066921234  40.632621765137
0.247335478663	-2.353066921234  40.632621765137
0.251413375139	-2.463010311127  40.632621765137
0.251413375139	-2.463010311127  40.632621765137
0.255491286516	-2.463010311127  40.632621765137
0.255491286516	-2.463010311127  40.632621765137
0.259569168091	-2.572953224182  40.632621765137
0.259569168091	-2.572953224182  40.632621765137
0.263647049665	-2.572953224182  40.632621765137
0.263647049665	-2.572953224182  40.632621765137
0.267724961042	-2.682896137238  40.632621765137
0.267724961042	-2.682896137238  40.632621765137
0.271802842617	-2.737867355347  40.632621765137
0.271802842617	-2.682896137238  40.632621765137
0.275880753994	-2.79283952713  40.632621765137
0.275880753994	-2.79283952713  40.632621765137
0.279958635569	-2.847810745239  40.632621765137
0.279958635569	-2.847810745239  40.632621765137
0.284036546946	-2.902782440186  40.632621765137
0.284036546946	-2.902782440186  40.632621765137
0.288114458323	-2.957754135132  40.632621765137
0.288114458323	-2.957754135132  40.632621765137
0.292192339897	-3.012725353241  40.632621765137
0.292192339897	-3.012725353241  40.632621765137
0.296270251274	-3.012725353241  40.632621765137
0.296270251274	-3.012725353241  40.632621765137
0.300348132849	-3.012725353241  40.632621765137
0.300348132849	-3.012725353241  40.632621765137
0.304426044226	-3.012725353241  40.632621765137
0.304426044226	-3.012725353241  40.632621765137
0.3085039258	-3.012725353241  40.632621765137
0.3085039258	-3.012725353241  40.632621765137
0.312581837177	-3.012725353241  40.632621765137
0.312581837177	-3.012725353241  40.632621765137
0.316659718752	-2.902782440186  40.632621765137
0.316659718752	-2.902782440186  40.632621765137
0.320737630129	-2.902782440186  40.632621765137
0.320737630129	-2.902782440186  40.632621765137
0.324815511703	-2.79283952713  40.632621765137
0.324815511703	-2.79283952713  40.632621765137
0.32889342308	-2.79283952713  40.632621765137
0.32889342308	-2.79283952713  40.632621765137
0.332971304655	-2.682896137238  40.632621765137
0.332971304655	-2.682896137238  40.632621765137
0.337049216032	-2.627924442291  40.632621765137
0.337049216032	-2.627924442291  40.632621765137
0.341127097607	-2.572953224182  40.632621765137
0.341127097607	-2.572953224182  40.632621765137
0.345205008984	-2.463010311127  40.632621765137
0.345205008984	-2.463010311127  40.632621765137
0.349282890558	-2.463010311127  40.632621765137
0.349282890558	-2.463010311127  40.632621765137
0.353360801935	-2.353066921234  40.632621765137
0.353360801935	-2.353066921234  40.632621765137
0.357438713312	-2.298095703125  40.632621765137
0.357438713312	-2.298095703125  40.632621765137
0.361516594887	-2.243124008179  40.632621765137
0.361516594887	-2.243124008179  40.632621765137
0.365594506264	-2.18815279007  40.632621765137
0.365594506264	-2.18815279007  40.632621765137
0.369672387838	-2.18815279007  40.632621765137
0.369672387838	-2.18815279007  40.632621765137
0.373750299215	-1.803352355957  40.632621765137
0.373750299215	-1.803352355957  40.632621765137
0.37782818079	-2.078209877014  40.632621765137
0.37782818079	-2.078209877014  40.632621765137
0.381906092167	-2.023237705231  40.632621765137
0.381906092167	-2.023237705231  40.632621765137
0.385983973742	-1.968266487122  40.632621765137
0.385983973742	-1.968266487122  40.632621765137
0.390061885118	-1.693408966064  40.632621765137
0.390061885118	-1.693408966064  40.632621765137
0.394139766693	-1.858323097229  40.632621765137
0.394139766693	-1.858323097229  40.632621765137
0.39821767807	-1.858323097229  40.632621765137
0.39821767807	-1.858323097229  40.632621765137
0.402295559645	-1.583465576172  40.632621765137
0.402295559645	-1.528493881226  40.632621765137
0.406373471022	-1.748379707336  40.632621765137
0.406373471022	-1.748379707336  40.632621765137
0.410451352596	-1.748379707336  40.632621765137
0.410451352596	-1.803352355957  40.632621765137
0.414529263973	-1.638436317444  40.632621765137
0.414529263973	-1.693408966064  40.632621765137
0.41860717535	-1.418550491333  40.632621765137
0.41860717535	-1.418550491333  40.632621765137
0.422685056925	-1.528493881226  40.632621765137
0.422685056925	-1.528493881226  40.632621765137
0.426762968302	-1.583465576172  40.632621765137
0.426762968302	-1.583465576172  40.632621765137
0.430840849876	-1.528493881226  40.632621765137
0.430840849876	-1.528493881226  40.632621765137
0.438996642828	-1.418550491333  40.632621765137
0.438996642828	-1.363579750061  40.632621765137
0.443074554205	-1.363579750061  40.632621765137
0.443074554205	-1.363579750061  40.632621765137
0.44715243578	-1.198664665222  40.632621765137
0.44715243578	-1.198664665222  40.632621765137
0.451230347157	-1.143692970276  40.632621765137
0.451230347157	-1.143692970276  40.632621765137
0.455308228731	-1.253636360168  40.632621765137
0.455308228731	-1.253636360168  40.632621765137
0.459386140108	-1.143692970276  40.632621765137
0.459386140108	-1.143692970276  40.632621765137
0.463464021683	-0.758892059326  40.632621765137
0.463464021683	-0.758892059326  40.632621765137
0.46754193306	-0.703921318054  40.632621765137
0.46754193306	-0.703921318054  40.632621765137
0.471619814634	-0.703921318054  40.632621765137
0.471619814634	-0.703921318054  40.632621765137
0.475697726011	-0.648948669434  40.632621765137
0.475697726011	-0.648948669434  40.632621765137
0.479775637388	-0.813863754272  40.632621765137
0.479775637388	-0.813863754272  40.632621765137
0.483853518963	-0.923806190491  40.632621765137
0.483853518963	-0.923806190491  40.632621765137
0.48793143034	-0.648948669434  40.632621765137
0.48793143034	-0.648948669434  40.632621765137
0.492009311914	-0.648948669434  40.632621765137
0.492009311914	-0.648948669434  40.632621765137
0.496087223291	-0.648948669434  40.632621765137
0.496087223291	-0.648948669434  40.632621765137
0.500165104866	-0.648948669434  40.632621765137
0.500165104866	-0.648948669434  40.632621765137
0.504243016243	-0.648948669434  40.632621765137
0.504243016243	-0.648948669434  40.632621765137
0.50832092762	-0.648948669434  40.632621765137
0.50832092762	-0.648948669434  40.632621765137
0.512398779392	-0.703921318054  40.632621765137
0.512398779392	-0.703921318054  40.632621765137
0.516476690769	-0.703921318054  40.632621765137
0.516476690769	-0.703921318054  40.632621765137
0.520554602146	-0.429062843323  40.632621765137
0.520554602146	-0.429062843323  40.632621765137
0.524632513523	-0.154205322266  40.632621765137
0.524632513523	-0.154205322266  40.632621765137
0.528710365295	-0.154205322266  40.632621765137
0.528710365295	-0.154205322266  40.632621765137
0.532788276672	-0.154205322266  40.632621765137
0.532788276672	-0.154205322266  40.632621765137
0.536866188049	-0.099234580994  40.632621765137
0.536866188049	-0.099234580994  40.632621765137
0.540944099426	-0.484034538269  40.632621765137
0.540944099426	-0.484034538269  40.632621765137
0.545022010803	-0.484034538269  40.632621765137
0.545022010803	-0.484034538269  40.632621765137
0.549099862576	-0.099234580994  40.632621765137
0.549099862576	-0.099234580994  40.632621765137
0.553177773952	-0.31911945343  40.632621765137
0.553177773952	-0.31911945343  40.632621765137
0.557255685329	-0.31911945343  40.632621765137
0.557255685329	-0.31911945343  40.632621765137
0.561333596706	-0.209177017212  40.632621765137
0.561333596706	-0.264148712158  40.632621765137
0.565411448479	-0.044261932373  40.632621765137
0.565411448479	-0.044261932373  40.632621765137
0.569489359856	-0.044261932373  40.632621765137
0.569489359856	-0.044261932373  40.632621765137
0.573567271233	0.28556728363  40.632621765137
0.573567271233	0.28556728363  40.632621765137
0.57764518261	0.28556728363  40.632621765137
0.57764518261	0.28556728363  40.632621765137
0.581723034382	0.28556728363  40.632621765137
0.581723034382	0.28556728363  40.632621765137
0.585800945759	0.230595588684  40.632621765137
0.585800945759	-0.044261932373  40.632621765137
0.589878857136	-0.209177017212  40.632621765137
0.589878857136	-0.209177017212  40.632621765137
0.593956768513	-0.154205322266  40.632621765137
0.593956768513	-0.154205322266  40.632621765137
0.598034620285	-0.264148712158  40.632621765137
0.598034620285	-0.264148712158  40.632621765137
0.602112531662	0.010708808899  40.632621765137
0.602112531662	0.010708808899  40.632621765137
0.606190443039	0.010708808899  40.632621765137
0.606190443039	0.010708808899  40.632621765137
0.610268354416	0.010708808899  40.632621765137
0.610268354416	0.010708808899  40.632621765137
0.614346265793	0.28556728363  40.632621765137
0.614346265793	0.28556728363  40.632621765137
0.618424117565	0.28556728363  40.632621765137
0.618424117565	0.28556728363  40.632621765137
0.622502028942	0.28556728363  40.632621765137
0.622502028942	0.28556728363  40.632621765137
0.626579940319	0.28556728363  40.632621765137
0.626579940319	0.28556728363  40.632621765137
0.630657851696	-0.209177017212  40.632621765137
0.630657851696	-0.209177017212  40.632621765137
0.634735703468	-0.264148712158  40.632621765137
0.634735703468	-0.264148712158  40.632621765137
0.638813614845	0.010708808899  40.632621765137
0.638813614845	0.010708808899  40.632621765137
0.642891526222	0.28556728363  40.632621765137
0.642891526222	0.28556728363  40.632621765137
0.646969437599	0.010708808899  40.632621765137
0.646969437599	0.010708808899  40.632621765137
0.651047289371	0.010708808899  40.632621765137
0.651047289371	0.010708808899  40.632621765137
0.655125200748	0.010708808899  40.632621765137
0.655125200748	0.010708808899  40.632621765137
0.659203112125	0.28556728363  40.632621765137
0.659203112125	0.28556728363  40.632621765137
0.663281023502	0.615396499634  40.632621765137
0.663281023502	0.615396499634  40.632621765137
0.667358934879	-0.154205322266  40.632621765137
0.667358934879	-0.154205322266  40.632621765137
0.671436786652	0.28556728363  40.632621765137
0.671436786652	0.28556728363  40.632621765137
0.675514698029	0.28556728363  40.632621765137
0.675514698029	0.28556728363  40.632621765137
0.679592609406	0.06568145752  40.632621765137
0.679592609406	0.06568145752  40.632621765137
0.683670520782	0.06568145752  40.632621765137
0.683670520782	0.06568145752  40.632621765137
0.687748372555	0.230595588684  40.632621765137
0.687748372555	0.230595588684  40.632621765137
0.691826283932	0.560424804688  40.632621765137
0.691826283932	0.505453109741  40.632621765137
0.695904195309	0.06568145752  40.632621765137
0.695904195309	0.06568145752  40.632621765137
0.699982106686	0.06568145752  40.632621765137
0.699982106686	0.06568145752  40.632621765137
0.704059958458	0.28556728363  40.632621765137
0.704059958458	0.28556728363  40.632621765137
0.708137869835	0.560424804688  40.632621765137
0.708137869835	0.560424804688  40.632621765137
0.712215781212	0.560424804688  40.632621765137
0.712215781212	0.560424804688  40.632621765137
0.716293692589	0.560424804688  40.632621765137
0.716293692589	0.560424804688  40.632621765137
0.720371544361	0.560424804688  40.632621765137
0.720371544361	0.505453109741  40.632621765137
0.724449455738	0.06568145752  40.632621765137
0.724449455738	0.06568145752  40.632621765137
0.728527367115	0.06568145752  40.632621765137
0.728527367115	0.06568145752  40.632621765137
0.732605278492	0.560424804688  40.632621765137
0.732605278492	0.505453109741  40.632621765137
0.736683189869	0.230595588684  40.632621765137
0.736683189869	0.230595588684  40.632621765137
0.740761041641	-0.044261932373  40.632621765137
0.740761041641	-0.044261932373  40.632621765137
0.744838953018	-0.044261932373  40.632621765137
0.744838953018	-0.044261932373  40.632621765137
0.748916864395	0.505453109741  40.632621765137
0.748916864395	-0.154205322266  40.632621765137
0.752994775772	0.230595588684  40.632621765137
0.752994775772	0.230595588684  40.632621765137
0.757072627544	0.230595588684  40.632621765137
0.757072627544	0.230595588684  40.632621765137
0.761150538921	0.505453109741  40.632621765137
0.761150538921	0.450481414795  40.632621765137
0.765228450298	0.505453109741  40.632621765137
0.765228450298	0.450481414795  40.632621765137
0.769306361675	0.06568145752  40.632621765137
0.769306361675	0.06568145752  40.632621765137
0.773384213448	0.06568145752  40.632621765137
0.773384213448	0.06568145752  40.632621765137
0.777462124825	0.505453109741  40.632621765137
0.777462124825	0.06568145752  40.632621765137
0.781540036201	0.505453109741  40.632621765137
0.781540036201	0.450481414795  40.632621765137
0.785617947578	-0.154205322266  40.632621765137
0.785617947578	-0.154205322266  40.632621765137
0.789695858955	0.06568145752  40.632621765137
0.789695858955	0.06568145752  40.632621765137
0.793773710728	0.175624847412  40.632621765137
0.793773710728	0.175624847412  40.632621765137
0.797851622105	0.395509719849  40.632621765137
0.797851622105	0.395509719849  40.632621765137
0.801929533482	0.450481414795  40.632621765137
0.801929533482	0.450481414795  40.632621765137
0.806007444859	0.28556728363  40.632621765137
0.806007444859	0.28556728363  40.632621765137
0.810085296631	0.28556728363  40.632621765137
0.810085296631	0.28556728363  40.632621765137
0.814163208008	0.120652198792  40.632621765137
0.814163208008	0.120652198792  40.632621765137
0.818241119385	-0.099234580994  40.632621765137
0.818241119385	-0.099234580994  40.632621765137
0.822319030762	0.010708808899  40.632621765137
0.822319030762	0.010708808899  40.632621765137
0.826396882534	0.505453109741  40.632621765137
0.826396882534	0.505453109741  40.632621765137
0.830474793911	0.120652198792  40.632621765137
0.830474793911	0.120652198792  40.632621765137
0.834552705288	0.120652198792  40.632621765137
0.834552705288	0.120652198792  40.632621765137
0.838630616665	0.505453109741  40.632621765137
0.838630616665	0.505453109741  40.632621765137
0.842708468437	0.230595588684  40.632621765137
0.842708468437	0.230595588684  40.632621765137
0.846786379814	0.230595588684  40.632621765137
0.846786379814	0.230595588684  40.632621765137
0.850864291191	0.395509719849  40.632621765137
0.850864291191	0.395509719849  40.632621765137
0.854942202568	0.395509719849  40.632621765137
0.854942202568	0.395509719849  40.632621765137
0.859020113945	0.010708808899  40.632621765137
0.859020113945	0.010708808899  40.632621765137
0.863097965717	0.06568145752  40.632621765137
0.863097965717	0.06568145752  40.632621765137
0.867175877094	0.450481414795  40.632621765137
0.867175877094	0.450481414795  40.632621765137
0.871253788471	0.450481414795  40.632621765137
0.871253788471	0.450481414795  40.632621765137
0.875331699848	0.450481414795  40.632621765137
0.875331699848	0.450481414795  40.632621765137
0.87940955162	0.450481414795  40.632621765137
0.87940955162	0.450481414795  40.632621765137
0.883487462997	0.450481414795  40.632621765137
0.883487462997	0.450481414795  40.632621765137
0.887565374374	0.450481414795  40.632621765137
0.887565374374	0.450481414795  40.632621765137
0.891643285751	0.395509719849  40.632621765137
0.891643285751	0.395509719849  40.632621765137
0.895721137524	0.230595588684  40.632621765137
0.895721137524	0.230595588684  40.632621765137
0.899799048901	0.230595588684  40.632621765137
0.899799048901	0.230595588684  40.632621765137
0.903876960278	0.450481414795  40.632621765137
0.903876960278	0.395509719849  40.632621765137
0.907954871655	0.120652198792  40.632621765137
0.907954871655	0.120652198792  40.632621765137
0.912032723427	0.120652198792  40.632621765137
0.912032723427	0.120652198792  40.632621765137
0.916110634804	0.230595588684  40.632621765137
0.916110634804	0.230595588684  40.632621765137
0.920188546181	0.395509719849  40.632621765137
0.920188546181	0.395509719849  40.632621765137
0.924266457558	0.395509719849  40.632621765137
0.924266457558	0.395509719849  40.632621765137
0.928344368935	0.395509719849  40.632621765137
0.928344368935	0.395509719849  40.632621765137
0.932422220707	0.395509719849  40.632621765137
0.932422220707	0.395509719849  40.632621765137
0.936500132084	0.395509719849  40.632621765137
0.936500132084	0.395509719849  40.632621765137
0.940578043461	0.395509719849  40.632621765137
0.940578043461	0.340538978577  40.632621765137
0.944655954838	0.340538978577  40.632621765137
0.944655954838	0.340538978577  40.632621765137
0.94873380661	0.230595588684  40.632621765137
0.94873380661	0.175624847412  40.632621765137
0.952811717987	0.120652198792  40.632621765137
0.952811717987	0.120652198792  40.632621765137
0.956889629364	0.340538978577  40.632621765137
0.956889629364	0.340538978577  40.632621765137
0.960967540741	0.340538978577  40.632621765137
0.960967540741	0.340538978577  40.632621765137
0.965045392513	0.120652198792  40.632621765137
0.965045392513	0.120652198792  40.632621765137
0.96912330389	-0.044261932373  40.632621765137
0.96912330389	-0.044261932373  40.632621765137
0.973201215267	0.010708808899  40.632621765137
0.973201215267	0.010708808899  40.632621765137
0.977279126644	0.340538978577  40.632621765137
0.977279126644	0.340538978577  40.632621765137
0.981357038021	0.340538978577  40.632621765137
0.981357038021	0.340538978577  40.632621765137
0.985434889793	0.340538978577  40.632621765137
0.985434889793	0.340538978577  40.632621765137
0.98951280117	0.340538978577  40.632621765137
0.98951280117	0.340538978577  40.632621765137
0.993590712547	0.340538978577  40.632621765137
0.993590712547	0.340538978577  40.632621765137
0.997668623924	0.28556728363  40.632621765137
0.997668623924	0.28556728363  40.632621765137
